20 20
142 87 201 45 178 93 64 220 11 155 76 199 33 167 58 123 90 211 27 184
68 133 41 195 72 159 24 176 89 144 57 207 36 169 82 127 98 219 19 152
75 204 44 171 61 136 95 222 22 147 80 192 39 164 67 130 92 214 29 154
78 209 47 174 54 125 85 139 97 217 16 149 73 206 42 161 65 128 88 141
51 172 38 197 70 157 26 182 63 134 94 221 21 146 79 191 40 163 66 129
91 213 30 153 77 208 46 173 55 126 86 138 96 216 17 148 74 205 43 162
64 124 87 140 50 175 37 196 69 156 25 181 62 135 99 224 20 145 81 194
35 166 60 131 93 215 28 151 71 210 48 177 53 122 83 137 100 223 18 150
79 203 49 170 56 121 84 143 52 179 34 198 68 158 23 183 69 132 101 225
15 142 86 200 46 172 59 120 82 145 53 180 32 193 70 160 24 185 67 130
91 218 26 151 74 207 41 168 55 124 88 139 98 221 17 148 76 204 43 171
58 127 85 141 50 176 37 199 66 157 22 187 64 133 94 223 21 146 80 192
39 165 61 129 90 214 30 154 78 209 47 174 54 125 84 138 97 217 16 149
73 206 42 162 65 128 89 142 51 177 38 197 67 156 25 182 63 134 95 222
20 147 79 191 40 164 60 126 87 137 96 216 19 150 75 205 44 161 57 123
83 140 49 178 36 198 69 155 27 183 62 131 92 219 23 144 81 190 35 163
59 122 86 136 93 215 18 152 72 203 45 160 56 119 80 135 99 220 14 143
77 202 48 167 63 118 79 134 92 213 17 153 71 201 47 166 55 117 78 133
91 212 16 154 70 200 46 165 54 116 77 132 90 211 15 155 69 199 45 164
53 115 76 131 89 210 14 156 68 198 44 163 52 114 75 130 88 209 13 157